 130 130 160
 32
   1   65    1   32    1   40
   1   65    1   32   41   80
   1   65    1   32   81  120
   1   65    1   32  121  160
   1   65   33   64    1   40
   1   65   33   64   41   80
   1   65   33   64   81  120
   1   65   33   64  121  160
   1   65   65   97    1   40
   1   65   65   97   41   80
   1   65   65   97   81  120
   1   65   65   97  121  160
   1   65   98  130    1   40
   1   65   98  130   41   80
   1   65   98  130   81  120
   1   65   98  130  121  160
  66  130    1   32    1   40
  66  130    1   32   41   80
  66  130    1   32   81  120
  66  130    1   32  121  160
  66  130   33   64    1   40
  66  130   33   64   41   80
  66  130   33   64   81  120
  66  130   33   64  121  160
  66  130   65   97    1   40
  66  130   65   97   41   80
  66  130   65   97   81  120
  66  130   65   97  121  160
  66  130   98  130    1   40
  66  130   98  130   41   80
  66  130   98  130   81  120
  66  130   98  130  121  160
