 130 130 160
 64
   1   32    1   32    1   40
   1   32    1   32   41   80
   1   32    1   32   81  120
   1   32    1   32  121  160
   1   32   33   64    1   40
   1   32   33   64   41   80
   1   32   33   64   81  120
   1   32   33   64  121  160
   1   32   65   97    1   40
   1   32   65   97   41   80
   1   32   65   97   81  120
   1   32   65   97  121  160
   1   32   98  130    1   40
   1   32   98  130   41   80
   1   32   98  130   81  120
   1   32   98  130  121  160
  33   64    1   32    1   40
  33   64    1   32   41   80
  33   64    1   32   81  120
  33   64    1   32  121  160
  33   64   33   64    1   40
  33   64   33   64   41   80
  33   64   33   64   81  120
  33   64   33   64  121  160
  33   64   65   97    1   40
  33   64   65   97   41   80
  33   64   65   97   81  120
  33   64   65   97  121  160
  33   64   98  130    1   40
  33   64   98  130   41   80
  33   64   98  130   81  120
  33   64   98  130  121  160
  65   97    1   32    1   40
  65   97    1   32   41   80
  65   97    1   32   81  120
  65   97    1   32  121  160
  65   97   33   64    1   40
  65   97   33   64   41   80
  65   97   33   64   81  120
  65   97   33   64  121  160
  65   97   65   97    1   40
  65   97   65   97   41   80
  65   97   65   97   81  120
  65   97   65   97  121  160
  65   97   98  130    1   40
  65   97   98  130   41   80
  65   97   98  130   81  120
  65   97   98  130  121  160
  98  130    1   32    1   40
  98  130    1   32   41   80
  98  130    1   32   81  120
  98  130    1   32  121  160
  98  130   33   64    1   40
  98  130   33   64   41   80
  98  130   33   64   81  120
  98  130   33   64  121  160
  98  130   65   97    1   40
  98  130   65   97   41   80
  98  130   65   97   81  120
  98  130   65   97  121  160
  98  130   98  130    1   40
  98  130   98  130   41   80
  98  130   98  130   81  120
  98  130   98  130  121  160
