 130 130 160
 30
   1   65    1   43    1   32
   1   65    1   43   33   64
   1   65    1   43   65   96
   1   65    1   43   97  128
   1   65    1   43  129  160
   1   65   44   86    1   32
   1   65   44   86   33   64
   1   65   44   86   65   96
   1   65   44   86   97  128
   1   65   44   86  129  160
   1   65   87  130    1   32
   1   65   87  130   33   64
   1   65   87  130   65   96
   1   65   87  130   97  128
   1   65   87  130  129  160
  66  130    1   43    1   32
  66  130    1   43   33   64
  66  130    1   43   65   96
  66  130    1   43   97  128
  66  130    1   43  129  160
  66  130   44   86    1   32
  66  130   44   86   33   64
  66  130   44   86   65   96
  66  130   44   86   97  128
  66  130   44   86  129  160
  66  130   87  130    1   32
  66  130   87  130   33   64
  66  130   87  130   65   96
  66  130   87  130   97  128
  66  130   87  130  129  160
