 130 130 160
 18
   1   65    1   43    1   53
   1   65    1   43   54  106
   1   65    1   43  107  160
   1   65   44   86    1   53
   1   65   44   86   54  106
   1   65   44   86  107  160
   1   65   87  130    1   53
   1   65   87  130   54  106
   1   65   87  130  107  160
  66  130    1   43    1   53
  66  130    1   43   54  106
  66  130    1   43  107  160
  66  130   44   86    1   53
  66  130   44   86   54  106
  66  130   44   86  107  160
  66  130   87  130    1   53
  66  130   87  130   54  106
  66  130   87  130  107  160
