 130 130 160
 24
   1   65    1   43    1   40
   1   65    1   43   41   80
   1   65    1   43   81  120
   1   65    1   43  121  160
   1   65   44   86    1   40
   1   65   44   86   41   80
   1   65   44   86   81  120
   1   65   44   86  121  160
   1   65   87  130    1   40
   1   65   87  130   41   80
   1   65   87  130   81  120
   1   65   87  130  121  160
  66  130    1   43    1   40
  66  130    1   43   41   80
  66  130    1   43   81  120
  66  130    1   43  121  160
  66  130   44   86    1   40
  66  130   44   86   41   80
  66  130   44   86   81  120
  66  130   44   86  121  160
  66  130   87  130    1   40
  66  130   87  130   41   80
  66  130   87  130   81  120
  66  130   87  130  121  160
