 130 130 160
 40
   1   65    1   32    1   32
   1   65    1   32   33   64
   1   65    1   32   65   96
   1   65    1   32   97  128
   1   65    1   32  129  160
   1   65   33   64    1   32
   1   65   33   64   33   64
   1   65   33   64   65   96
   1   65   33   64   97  128
   1   65   33   64  129  160
   1   65   65   97    1   32
   1   65   65   97   33   64
   1   65   65   97   65   96
   1   65   65   97   97  128
   1   65   65   97  129  160
   1   65   98  130    1   32
   1   65   98  130   33   64
   1   65   98  130   65   96
   1   65   98  130   97  128
   1   65   98  130  129  160
  66  130    1   32    1   32
  66  130    1   32   33   64
  66  130    1   32   65   96
  66  130    1   32   97  128
  66  130    1   32  129  160
  66  130   33   64    1   32
  66  130   33   64   33   64
  66  130   33   64   65   96
  66  130   33   64   97  128
  66  130   33   64  129  160
  66  130   65   97    1   32
  66  130   65   97   33   64
  66  130   65   97   65   96
  66  130   65   97   97  128
  66  130   65   97  129  160
  66  130   98  130    1   32
  66  130   98  130   33   64
  66  130   98  130   65   96
  66  130   98  130   97  128
  66  130   98  130  129  160
